{
 "cells": [
  {
   "cell_type": "markdown",
   "metadata": {},
   "source": [
    "# Data Minning\n",
    "\n",
    "Este notebook tem como função limpar e deixar pronto o dataframe que serão utilizados no desenvolvimento do projeto, alguns dos pontos a serem avaliados:\n",
    "* Quantidade de valores nulos e tratamento dos mesmos\n",
    "* correlação para trazer outras informações (feature engineering)\n"
   ]
  },
  {
   "cell_type": "markdown",
   "metadata": {},
   "source": [
    "### Requirements"
   ]
  },
  {
   "cell_type": "code",
   "execution_count": 24,
   "metadata": {},
   "outputs": [],
   "source": [
    "import pandas as pd\n",
    "import numpy as np"
   ]
  },
  {
   "cell_type": "code",
   "execution_count": 25,
   "metadata": {},
   "outputs": [],
   "source": [
    "\n",
    "df_rec = pd.read_parquet('data/raw_recommendation_data.parquet')"
   ]
  },
  {
   "cell_type": "code",
   "execution_count": 26,
   "metadata": {},
   "outputs": [
    {
     "data": {
      "text/plain": [
       "id_date         0\n",
       "user_id         0\n",
       "id_tracks       0\n",
       "plays           0\n",
       "holiday         0\n",
       "id_artist    1453\n",
       "id_genre     1453\n",
       "Feature1     1453\n",
       "Feature2     1453\n",
       "Feature3     1453\n",
       "Feature4     1453\n",
       "Feature5     1453\n",
       "Feature6     1453\n",
       "Feature7     1453\n",
       "Feature8     1453\n",
       "Feature9     1453\n",
       "Feature10    1453\n",
       "dtype: int64"
      ]
     },
     "execution_count": 26,
     "metadata": {},
     "output_type": "execute_result"
    }
   ],
   "source": [
    "df_rec.isnull().sum()"
   ]
  },
  {
   "cell_type": "markdown",
   "metadata": {},
   "source": [
    "A base tem 511 valores nulos,representando 13,47% da base, as linhas faltantes são originadas de informações sobre o artista daquea música escutada pelo usuário. \n",
    "Entendendo serem informações importantes, iremos utilizar técnicas de completar."
   ]
  },
  {
   "cell_type": "markdown",
   "metadata": {},
   "source": [
    "## ID_GENDER = Preencher com outro valor\n",
    "Para os valores nulos de genero optamos por criar um novo genero \"desconhecido\" onde contemplará este genero que não foi identificado\n"
   ]
  },
  {
   "cell_type": "code",
   "execution_count": 27,
   "metadata": {},
   "outputs": [
    {
     "data": {
      "text/plain": [
       "id_genre\n",
       "3.0    2915\n",
       "4.0    2872\n",
       "1.0    2812\n",
       "2.0    2724\n",
       "Name: count, dtype: int64"
      ]
     },
     "execution_count": 27,
     "metadata": {},
     "output_type": "execute_result"
    }
   ],
   "source": [
    "df_rec.id_genre.value_counts()"
   ]
  },
  {
   "cell_type": "code",
   "execution_count": 28,
   "metadata": {},
   "outputs": [],
   "source": [
    "df_rec.id_genre = np.where(df_rec.id_genre.isnull(), 5.0, df_rec.id_genre)"
   ]
  },
  {
   "cell_type": "markdown",
   "metadata": {},
   "source": [
    "## ID_ARTIST = Preencher com outro valor\n",
    "O ID do artista apresenta um ponto de atenção importante no projeto pois a depender da metodologia escolhida influenciará diretamente na modelagem e resultados finais.\n",
    "Tentando mitigar a premissa de que o artista seria o que tem o maior número de aparições ou mais audições criamos um id unico para estes artistas. Vale lembrar que utilizamos um \"novo genero\" para os não identificados também."
   ]
  },
  {
   "cell_type": "code",
   "execution_count": 29,
   "metadata": {},
   "outputs": [
    {
     "data": {
      "text/plain": [
       "id_artist\n",
       "466.0    51\n",
       "454.0    48\n",
       "196.0    48\n",
       "408.0    47\n",
       "26.0     47\n",
       "         ..\n",
       "281.0     5\n",
       "465.0     5\n",
       "96.0      5\n",
       "63.0      4\n",
       "117.0     3\n",
       "Name: count, Length: 500, dtype: int64"
      ]
     },
     "execution_count": 29,
     "metadata": {},
     "output_type": "execute_result"
    }
   ],
   "source": [
    "df_rec.id_artist.value_counts().sort_values(ascending=False)"
   ]
  },
  {
   "cell_type": "code",
   "execution_count": 30,
   "metadata": {},
   "outputs": [
    {
     "data": {
      "text/plain": [
       "count    11323.000000\n",
       "mean       251.359445\n",
       "std        146.297191\n",
       "min          1.000000\n",
       "25%        126.000000\n",
       "50%        251.000000\n",
       "75%        380.000000\n",
       "max        500.000000\n",
       "Name: id_artist, dtype: float64"
      ]
     },
     "execution_count": 30,
     "metadata": {},
     "output_type": "execute_result"
    }
   ],
   "source": [
    "df_rec.id_artist.describe()"
   ]
  },
  {
   "cell_type": "code",
   "execution_count": 31,
   "metadata": {},
   "outputs": [],
   "source": [
    "\n",
    "df_rec.id_artist = np.where(df_rec.id_artist.isnull(), 501, df_rec.id_artist)"
   ]
  },
  {
   "cell_type": "markdown",
   "metadata": {},
   "source": [
    "## Técnicas para os faltantes"
   ]
  },
  {
   "cell_type": "code",
   "execution_count": 32,
   "metadata": {},
   "outputs": [],
   "source": [
    "import numpy as np\n",
    "from sklearn.impute import SimpleImputer\n",
    "SimpleImputer(strategy=\"median\")\n",
    "imp = SimpleImputer(strategy=\"median\")\n",
    "df_rec[['Feature1', 'Feature2', 'Feature3', 'Feature4', 'Feature5', 'Feature6', 'Feature7', 'Feature8', 'Feature9', 'Feature10']] = imp.fit_transform(df_rec[['Feature1', 'Feature2', 'Feature3', 'Feature4', 'Feature5', 'Feature6', 'Feature7', 'Feature8', 'Feature9', 'Feature10']])"
   ]
  },
  {
   "cell_type": "code",
   "execution_count": 33,
   "metadata": {},
   "outputs": [
    {
     "data": {
      "text/html": [
       "<div>\n",
       "<style scoped>\n",
       "    .dataframe tbody tr th:only-of-type {\n",
       "        vertical-align: middle;\n",
       "    }\n",
       "\n",
       "    .dataframe tbody tr th {\n",
       "        vertical-align: top;\n",
       "    }\n",
       "\n",
       "    .dataframe thead th {\n",
       "        text-align: right;\n",
       "    }\n",
       "</style>\n",
       "<table border=\"1\" class=\"dataframe\">\n",
       "  <thead>\n",
       "    <tr style=\"text-align: right;\">\n",
       "      <th></th>\n",
       "      <th>id_date</th>\n",
       "      <th>user_id</th>\n",
       "      <th>id_tracks</th>\n",
       "      <th>plays</th>\n",
       "      <th>holiday</th>\n",
       "      <th>id_artist</th>\n",
       "      <th>id_genre</th>\n",
       "      <th>Feature1</th>\n",
       "      <th>Feature2</th>\n",
       "      <th>Feature3</th>\n",
       "      <th>Feature4</th>\n",
       "      <th>Feature5</th>\n",
       "      <th>Feature6</th>\n",
       "      <th>Feature7</th>\n",
       "      <th>Feature8</th>\n",
       "      <th>Feature9</th>\n",
       "      <th>Feature10</th>\n",
       "    </tr>\n",
       "  </thead>\n",
       "  <tbody>\n",
       "    <tr>\n",
       "      <th>0</th>\n",
       "      <td>2021-07-30</td>\n",
       "      <td>9</td>\n",
       "      <td>182</td>\n",
       "      <td>18</td>\n",
       "      <td>1</td>\n",
       "      <td>93.0</td>\n",
       "      <td>3.0</td>\n",
       "      <td>0.0</td>\n",
       "      <td>734.0</td>\n",
       "      <td>380.0</td>\n",
       "      <td>596.0</td>\n",
       "      <td>1227.0</td>\n",
       "      <td>-158.0</td>\n",
       "      <td>228.0</td>\n",
       "      <td>2294.0</td>\n",
       "      <td>534.0</td>\n",
       "      <td>2169.0</td>\n",
       "    </tr>\n",
       "    <tr>\n",
       "      <th>1</th>\n",
       "      <td>2021-07-30</td>\n",
       "      <td>9</td>\n",
       "      <td>3663</td>\n",
       "      <td>14</td>\n",
       "      <td>1</td>\n",
       "      <td>76.0</td>\n",
       "      <td>4.0</td>\n",
       "      <td>141.0</td>\n",
       "      <td>540.0</td>\n",
       "      <td>849.0</td>\n",
       "      <td>573.0</td>\n",
       "      <td>1242.0</td>\n",
       "      <td>-251.0</td>\n",
       "      <td>230.0</td>\n",
       "      <td>981.0</td>\n",
       "      <td>934.0</td>\n",
       "      <td>394.0</td>\n",
       "    </tr>\n",
       "    <tr>\n",
       "      <th>2</th>\n",
       "      <td>2021-07-30</td>\n",
       "      <td>9</td>\n",
       "      <td>3268</td>\n",
       "      <td>9</td>\n",
       "      <td>1</td>\n",
       "      <td>501.0</td>\n",
       "      <td>5.0</td>\n",
       "      <td>121.0</td>\n",
       "      <td>627.0</td>\n",
       "      <td>754.0</td>\n",
       "      <td>580.0</td>\n",
       "      <td>1208.0</td>\n",
       "      <td>1489.0</td>\n",
       "      <td>232.0</td>\n",
       "      <td>1403.0</td>\n",
       "      <td>1573.0</td>\n",
       "      <td>1098.0</td>\n",
       "    </tr>\n",
       "    <tr>\n",
       "      <th>3</th>\n",
       "      <td>2021-07-30</td>\n",
       "      <td>4</td>\n",
       "      <td>178</td>\n",
       "      <td>3</td>\n",
       "      <td>1</td>\n",
       "      <td>415.0</td>\n",
       "      <td>1.0</td>\n",
       "      <td>99.0</td>\n",
       "      <td>589.0</td>\n",
       "      <td>930.0</td>\n",
       "      <td>585.0</td>\n",
       "      <td>1368.0</td>\n",
       "      <td>2313.0</td>\n",
       "      <td>229.0</td>\n",
       "      <td>1863.0</td>\n",
       "      <td>-313.0</td>\n",
       "      <td>1033.0</td>\n",
       "    </tr>\n",
       "    <tr>\n",
       "      <th>4</th>\n",
       "      <td>2021-07-30</td>\n",
       "      <td>4</td>\n",
       "      <td>379</td>\n",
       "      <td>1</td>\n",
       "      <td>1</td>\n",
       "      <td>366.0</td>\n",
       "      <td>4.0</td>\n",
       "      <td>118.0</td>\n",
       "      <td>488.0</td>\n",
       "      <td>947.0</td>\n",
       "      <td>528.0</td>\n",
       "      <td>782.0</td>\n",
       "      <td>2289.0</td>\n",
       "      <td>233.0</td>\n",
       "      <td>1339.0</td>\n",
       "      <td>2218.0</td>\n",
       "      <td>2011.0</td>\n",
       "    </tr>\n",
       "    <tr>\n",
       "      <th>...</th>\n",
       "      <td>...</td>\n",
       "      <td>...</td>\n",
       "      <td>...</td>\n",
       "      <td>...</td>\n",
       "      <td>...</td>\n",
       "      <td>...</td>\n",
       "      <td>...</td>\n",
       "      <td>...</td>\n",
       "      <td>...</td>\n",
       "      <td>...</td>\n",
       "      <td>...</td>\n",
       "      <td>...</td>\n",
       "      <td>...</td>\n",
       "      <td>...</td>\n",
       "      <td>...</td>\n",
       "      <td>...</td>\n",
       "      <td>...</td>\n",
       "    </tr>\n",
       "    <tr>\n",
       "      <th>12771</th>\n",
       "      <td>2023-07-30</td>\n",
       "      <td>23</td>\n",
       "      <td>3193</td>\n",
       "      <td>5</td>\n",
       "      <td>1</td>\n",
       "      <td>443.0</td>\n",
       "      <td>4.0</td>\n",
       "      <td>101.0</td>\n",
       "      <td>413.0</td>\n",
       "      <td>564.0</td>\n",
       "      <td>529.0</td>\n",
       "      <td>1885.0</td>\n",
       "      <td>1510.0</td>\n",
       "      <td>223.0</td>\n",
       "      <td>670.0</td>\n",
       "      <td>3441.0</td>\n",
       "      <td>1096.0</td>\n",
       "    </tr>\n",
       "    <tr>\n",
       "      <th>12772</th>\n",
       "      <td>2023-07-30</td>\n",
       "      <td>23</td>\n",
       "      <td>115</td>\n",
       "      <td>15</td>\n",
       "      <td>1</td>\n",
       "      <td>408.0</td>\n",
       "      <td>4.0</td>\n",
       "      <td>226.0</td>\n",
       "      <td>605.0</td>\n",
       "      <td>811.0</td>\n",
       "      <td>619.0</td>\n",
       "      <td>1200.0</td>\n",
       "      <td>2053.0</td>\n",
       "      <td>246.0</td>\n",
       "      <td>2527.0</td>\n",
       "      <td>2623.0</td>\n",
       "      <td>2046.0</td>\n",
       "    </tr>\n",
       "    <tr>\n",
       "      <th>12773</th>\n",
       "      <td>2023-07-30</td>\n",
       "      <td>18</td>\n",
       "      <td>1661</td>\n",
       "      <td>1</td>\n",
       "      <td>1</td>\n",
       "      <td>371.0</td>\n",
       "      <td>1.0</td>\n",
       "      <td>86.0</td>\n",
       "      <td>1075.0</td>\n",
       "      <td>1036.0</td>\n",
       "      <td>602.0</td>\n",
       "      <td>1009.0</td>\n",
       "      <td>1746.0</td>\n",
       "      <td>212.0</td>\n",
       "      <td>1851.0</td>\n",
       "      <td>1160.0</td>\n",
       "      <td>1392.0</td>\n",
       "    </tr>\n",
       "    <tr>\n",
       "      <th>12774</th>\n",
       "      <td>2023-07-30</td>\n",
       "      <td>18</td>\n",
       "      <td>1965</td>\n",
       "      <td>19</td>\n",
       "      <td>1</td>\n",
       "      <td>501.0</td>\n",
       "      <td>5.0</td>\n",
       "      <td>121.0</td>\n",
       "      <td>627.0</td>\n",
       "      <td>754.0</td>\n",
       "      <td>580.0</td>\n",
       "      <td>1208.0</td>\n",
       "      <td>1489.0</td>\n",
       "      <td>232.0</td>\n",
       "      <td>1403.0</td>\n",
       "      <td>1573.0</td>\n",
       "      <td>1098.0</td>\n",
       "    </tr>\n",
       "    <tr>\n",
       "      <th>12775</th>\n",
       "      <td>2023-07-30</td>\n",
       "      <td>18</td>\n",
       "      <td>187</td>\n",
       "      <td>7</td>\n",
       "      <td>1</td>\n",
       "      <td>19.0</td>\n",
       "      <td>3.0</td>\n",
       "      <td>97.0</td>\n",
       "      <td>726.0</td>\n",
       "      <td>1120.0</td>\n",
       "      <td>533.0</td>\n",
       "      <td>1206.0</td>\n",
       "      <td>2079.0</td>\n",
       "      <td>238.0</td>\n",
       "      <td>596.0</td>\n",
       "      <td>3279.0</td>\n",
       "      <td>-856.0</td>\n",
       "    </tr>\n",
       "  </tbody>\n",
       "</table>\n",
       "<p>12776 rows × 17 columns</p>\n",
       "</div>"
      ],
      "text/plain": [
       "         id_date  user_id  id_tracks  plays  holiday  id_artist  id_genre  \\\n",
       "0     2021-07-30        9        182     18        1       93.0       3.0   \n",
       "1     2021-07-30        9       3663     14        1       76.0       4.0   \n",
       "2     2021-07-30        9       3268      9        1      501.0       5.0   \n",
       "3     2021-07-30        4        178      3        1      415.0       1.0   \n",
       "4     2021-07-30        4        379      1        1      366.0       4.0   \n",
       "...          ...      ...        ...    ...      ...        ...       ...   \n",
       "12771 2023-07-30       23       3193      5        1      443.0       4.0   \n",
       "12772 2023-07-30       23        115     15        1      408.0       4.0   \n",
       "12773 2023-07-30       18       1661      1        1      371.0       1.0   \n",
       "12774 2023-07-30       18       1965     19        1      501.0       5.0   \n",
       "12775 2023-07-30       18        187      7        1       19.0       3.0   \n",
       "\n",
       "       Feature1  Feature2  Feature3  Feature4  Feature5  Feature6  Feature7  \\\n",
       "0           0.0     734.0     380.0     596.0    1227.0    -158.0     228.0   \n",
       "1         141.0     540.0     849.0     573.0    1242.0    -251.0     230.0   \n",
       "2         121.0     627.0     754.0     580.0    1208.0    1489.0     232.0   \n",
       "3          99.0     589.0     930.0     585.0    1368.0    2313.0     229.0   \n",
       "4         118.0     488.0     947.0     528.0     782.0    2289.0     233.0   \n",
       "...         ...       ...       ...       ...       ...       ...       ...   \n",
       "12771     101.0     413.0     564.0     529.0    1885.0    1510.0     223.0   \n",
       "12772     226.0     605.0     811.0     619.0    1200.0    2053.0     246.0   \n",
       "12773      86.0    1075.0    1036.0     602.0    1009.0    1746.0     212.0   \n",
       "12774     121.0     627.0     754.0     580.0    1208.0    1489.0     232.0   \n",
       "12775      97.0     726.0    1120.0     533.0    1206.0    2079.0     238.0   \n",
       "\n",
       "       Feature8  Feature9  Feature10  \n",
       "0        2294.0     534.0     2169.0  \n",
       "1         981.0     934.0      394.0  \n",
       "2        1403.0    1573.0     1098.0  \n",
       "3        1863.0    -313.0     1033.0  \n",
       "4        1339.0    2218.0     2011.0  \n",
       "...         ...       ...        ...  \n",
       "12771     670.0    3441.0     1096.0  \n",
       "12772    2527.0    2623.0     2046.0  \n",
       "12773    1851.0    1160.0     1392.0  \n",
       "12774    1403.0    1573.0     1098.0  \n",
       "12775     596.0    3279.0     -856.0  \n",
       "\n",
       "[12776 rows x 17 columns]"
      ]
     },
     "execution_count": 33,
     "metadata": {},
     "output_type": "execute_result"
    }
   ],
   "source": [
    "df_rec"
   ]
  },
  {
   "cell_type": "markdown",
   "metadata": {},
   "source": [
    "## Feature Engineering"
   ]
  },
  {
   "cell_type": "code",
   "execution_count": 34,
   "metadata": {},
   "outputs": [
    {
     "data": {
      "text/html": [
       "<div>\n",
       "<style scoped>\n",
       "    .dataframe tbody tr th:only-of-type {\n",
       "        vertical-align: middle;\n",
       "    }\n",
       "\n",
       "    .dataframe tbody tr th {\n",
       "        vertical-align: top;\n",
       "    }\n",
       "\n",
       "    .dataframe thead th {\n",
       "        text-align: right;\n",
       "    }\n",
       "</style>\n",
       "<table border=\"1\" class=\"dataframe\">\n",
       "  <thead>\n",
       "    <tr style=\"text-align: right;\">\n",
       "      <th></th>\n",
       "      <th>id_date</th>\n",
       "      <th>user_id</th>\n",
       "      <th>id_tracks</th>\n",
       "      <th>plays</th>\n",
       "      <th>holiday</th>\n",
       "      <th>id_artist</th>\n",
       "      <th>id_genre</th>\n",
       "      <th>Feature1</th>\n",
       "      <th>Feature2</th>\n",
       "      <th>Feature3</th>\n",
       "      <th>Feature4</th>\n",
       "      <th>Feature5</th>\n",
       "      <th>Feature6</th>\n",
       "      <th>Feature7</th>\n",
       "      <th>Feature8</th>\n",
       "      <th>Feature9</th>\n",
       "      <th>Feature10</th>\n",
       "    </tr>\n",
       "  </thead>\n",
       "  <tbody>\n",
       "    <tr>\n",
       "      <th>id_date</th>\n",
       "      <td>1.000000</td>\n",
       "      <td>0.003089</td>\n",
       "      <td>-0.002724</td>\n",
       "      <td>0.008199</td>\n",
       "      <td>-0.005541</td>\n",
       "      <td>0.015670</td>\n",
       "      <td>0.007709</td>\n",
       "      <td>-0.003200</td>\n",
       "      <td>-0.000717</td>\n",
       "      <td>0.004023</td>\n",
       "      <td>-0.010739</td>\n",
       "      <td>-0.001663</td>\n",
       "      <td>0.012991</td>\n",
       "      <td>0.005332</td>\n",
       "      <td>0.015231</td>\n",
       "      <td>-0.007628</td>\n",
       "      <td>-0.017287</td>\n",
       "    </tr>\n",
       "    <tr>\n",
       "      <th>user_id</th>\n",
       "      <td>0.003089</td>\n",
       "      <td>1.000000</td>\n",
       "      <td>-0.014795</td>\n",
       "      <td>0.011555</td>\n",
       "      <td>0.030982</td>\n",
       "      <td>0.022001</td>\n",
       "      <td>0.002877</td>\n",
       "      <td>-0.009174</td>\n",
       "      <td>0.004732</td>\n",
       "      <td>0.002481</td>\n",
       "      <td>0.026290</td>\n",
       "      <td>-0.009265</td>\n",
       "      <td>-0.019317</td>\n",
       "      <td>-0.007331</td>\n",
       "      <td>0.004088</td>\n",
       "      <td>0.006761</td>\n",
       "      <td>-0.003104</td>\n",
       "    </tr>\n",
       "    <tr>\n",
       "      <th>id_tracks</th>\n",
       "      <td>-0.002724</td>\n",
       "      <td>-0.014795</td>\n",
       "      <td>1.000000</td>\n",
       "      <td>0.006058</td>\n",
       "      <td>0.007294</td>\n",
       "      <td>-0.008165</td>\n",
       "      <td>0.017849</td>\n",
       "      <td>-0.028343</td>\n",
       "      <td>0.005711</td>\n",
       "      <td>0.023167</td>\n",
       "      <td>-0.013635</td>\n",
       "      <td>0.012029</td>\n",
       "      <td>-0.006971</td>\n",
       "      <td>0.012702</td>\n",
       "      <td>0.044653</td>\n",
       "      <td>-0.018425</td>\n",
       "      <td>0.010407</td>\n",
       "    </tr>\n",
       "    <tr>\n",
       "      <th>plays</th>\n",
       "      <td>0.008199</td>\n",
       "      <td>0.011555</td>\n",
       "      <td>0.006058</td>\n",
       "      <td>1.000000</td>\n",
       "      <td>0.005657</td>\n",
       "      <td>-0.003603</td>\n",
       "      <td>-0.004443</td>\n",
       "      <td>0.008819</td>\n",
       "      <td>0.013403</td>\n",
       "      <td>-0.002998</td>\n",
       "      <td>-0.000615</td>\n",
       "      <td>-0.009854</td>\n",
       "      <td>-0.012776</td>\n",
       "      <td>-0.009570</td>\n",
       "      <td>-0.003030</td>\n",
       "      <td>0.005667</td>\n",
       "      <td>-0.003675</td>\n",
       "    </tr>\n",
       "    <tr>\n",
       "      <th>holiday</th>\n",
       "      <td>-0.005541</td>\n",
       "      <td>0.030982</td>\n",
       "      <td>0.007294</td>\n",
       "      <td>0.005657</td>\n",
       "      <td>1.000000</td>\n",
       "      <td>0.003469</td>\n",
       "      <td>-0.007458</td>\n",
       "      <td>-0.016034</td>\n",
       "      <td>0.006540</td>\n",
       "      <td>0.003531</td>\n",
       "      <td>0.010443</td>\n",
       "      <td>-0.012436</td>\n",
       "      <td>0.008067</td>\n",
       "      <td>-0.008190</td>\n",
       "      <td>0.004305</td>\n",
       "      <td>0.016083</td>\n",
       "      <td>-0.001926</td>\n",
       "    </tr>\n",
       "    <tr>\n",
       "      <th>id_artist</th>\n",
       "      <td>0.015670</td>\n",
       "      <td>0.022001</td>\n",
       "      <td>-0.008165</td>\n",
       "      <td>-0.003603</td>\n",
       "      <td>0.003469</td>\n",
       "      <td>1.000000</td>\n",
       "      <td>0.312000</td>\n",
       "      <td>-0.019356</td>\n",
       "      <td>-0.028848</td>\n",
       "      <td>-0.007228</td>\n",
       "      <td>0.005215</td>\n",
       "      <td>0.008128</td>\n",
       "      <td>0.042190</td>\n",
       "      <td>0.028921</td>\n",
       "      <td>0.065350</td>\n",
       "      <td>-0.011780</td>\n",
       "      <td>-0.010838</td>\n",
       "    </tr>\n",
       "    <tr>\n",
       "      <th>id_genre</th>\n",
       "      <td>0.007709</td>\n",
       "      <td>0.002877</td>\n",
       "      <td>0.017849</td>\n",
       "      <td>-0.004443</td>\n",
       "      <td>-0.007458</td>\n",
       "      <td>0.312000</td>\n",
       "      <td>1.000000</td>\n",
       "      <td>-0.000245</td>\n",
       "      <td>-0.008741</td>\n",
       "      <td>0.016423</td>\n",
       "      <td>-0.054634</td>\n",
       "      <td>-0.007618</td>\n",
       "      <td>0.009715</td>\n",
       "      <td>0.009226</td>\n",
       "      <td>-0.029958</td>\n",
       "      <td>-0.023257</td>\n",
       "      <td>0.015684</td>\n",
       "    </tr>\n",
       "    <tr>\n",
       "      <th>Feature1</th>\n",
       "      <td>-0.003200</td>\n",
       "      <td>-0.009174</td>\n",
       "      <td>-0.028343</td>\n",
       "      <td>0.008819</td>\n",
       "      <td>-0.016034</td>\n",
       "      <td>-0.019356</td>\n",
       "      <td>-0.000245</td>\n",
       "      <td>1.000000</td>\n",
       "      <td>-0.021633</td>\n",
       "      <td>-0.013588</td>\n",
       "      <td>0.010626</td>\n",
       "      <td>-0.059901</td>\n",
       "      <td>0.022516</td>\n",
       "      <td>-0.019012</td>\n",
       "      <td>-0.025861</td>\n",
       "      <td>-0.035818</td>\n",
       "      <td>0.011899</td>\n",
       "    </tr>\n",
       "    <tr>\n",
       "      <th>Feature2</th>\n",
       "      <td>-0.000717</td>\n",
       "      <td>0.004732</td>\n",
       "      <td>0.005711</td>\n",
       "      <td>0.013403</td>\n",
       "      <td>0.006540</td>\n",
       "      <td>-0.028848</td>\n",
       "      <td>-0.008741</td>\n",
       "      <td>-0.021633</td>\n",
       "      <td>1.000000</td>\n",
       "      <td>-0.033846</td>\n",
       "      <td>0.046326</td>\n",
       "      <td>0.026742</td>\n",
       "      <td>-0.005318</td>\n",
       "      <td>-0.019116</td>\n",
       "      <td>0.072050</td>\n",
       "      <td>-0.062417</td>\n",
       "      <td>-0.043491</td>\n",
       "    </tr>\n",
       "    <tr>\n",
       "      <th>Feature3</th>\n",
       "      <td>0.004023</td>\n",
       "      <td>0.002481</td>\n",
       "      <td>0.023167</td>\n",
       "      <td>-0.002998</td>\n",
       "      <td>0.003531</td>\n",
       "      <td>-0.007228</td>\n",
       "      <td>0.016423</td>\n",
       "      <td>-0.013588</td>\n",
       "      <td>-0.033846</td>\n",
       "      <td>1.000000</td>\n",
       "      <td>0.008911</td>\n",
       "      <td>-0.026061</td>\n",
       "      <td>-0.013514</td>\n",
       "      <td>-0.043414</td>\n",
       "      <td>0.033533</td>\n",
       "      <td>0.052753</td>\n",
       "      <td>-0.062844</td>\n",
       "    </tr>\n",
       "    <tr>\n",
       "      <th>Feature4</th>\n",
       "      <td>-0.010739</td>\n",
       "      <td>0.026290</td>\n",
       "      <td>-0.013635</td>\n",
       "      <td>-0.000615</td>\n",
       "      <td>0.010443</td>\n",
       "      <td>0.005215</td>\n",
       "      <td>-0.054634</td>\n",
       "      <td>0.010626</td>\n",
       "      <td>0.046326</td>\n",
       "      <td>0.008911</td>\n",
       "      <td>1.000000</td>\n",
       "      <td>-0.078423</td>\n",
       "      <td>-0.085511</td>\n",
       "      <td>-0.036289</td>\n",
       "      <td>0.034952</td>\n",
       "      <td>0.041469</td>\n",
       "      <td>0.017479</td>\n",
       "    </tr>\n",
       "    <tr>\n",
       "      <th>Feature5</th>\n",
       "      <td>-0.001663</td>\n",
       "      <td>-0.009265</td>\n",
       "      <td>0.012029</td>\n",
       "      <td>-0.009854</td>\n",
       "      <td>-0.012436</td>\n",
       "      <td>0.008128</td>\n",
       "      <td>-0.007618</td>\n",
       "      <td>-0.059901</td>\n",
       "      <td>0.026742</td>\n",
       "      <td>-0.026061</td>\n",
       "      <td>-0.078423</td>\n",
       "      <td>1.000000</td>\n",
       "      <td>0.035598</td>\n",
       "      <td>-0.078390</td>\n",
       "      <td>0.030728</td>\n",
       "      <td>0.020536</td>\n",
       "      <td>0.000951</td>\n",
       "    </tr>\n",
       "    <tr>\n",
       "      <th>Feature6</th>\n",
       "      <td>0.012991</td>\n",
       "      <td>-0.019317</td>\n",
       "      <td>-0.006971</td>\n",
       "      <td>-0.012776</td>\n",
       "      <td>0.008067</td>\n",
       "      <td>0.042190</td>\n",
       "      <td>0.009715</td>\n",
       "      <td>0.022516</td>\n",
       "      <td>-0.005318</td>\n",
       "      <td>-0.013514</td>\n",
       "      <td>-0.085511</td>\n",
       "      <td>0.035598</td>\n",
       "      <td>1.000000</td>\n",
       "      <td>-0.066068</td>\n",
       "      <td>0.081110</td>\n",
       "      <td>0.095578</td>\n",
       "      <td>-0.006001</td>\n",
       "    </tr>\n",
       "    <tr>\n",
       "      <th>Feature7</th>\n",
       "      <td>0.005332</td>\n",
       "      <td>-0.007331</td>\n",
       "      <td>0.012702</td>\n",
       "      <td>-0.009570</td>\n",
       "      <td>-0.008190</td>\n",
       "      <td>0.028921</td>\n",
       "      <td>0.009226</td>\n",
       "      <td>-0.019012</td>\n",
       "      <td>-0.019116</td>\n",
       "      <td>-0.043414</td>\n",
       "      <td>-0.036289</td>\n",
       "      <td>-0.078390</td>\n",
       "      <td>-0.066068</td>\n",
       "      <td>1.000000</td>\n",
       "      <td>0.040888</td>\n",
       "      <td>0.022317</td>\n",
       "      <td>0.015879</td>\n",
       "    </tr>\n",
       "    <tr>\n",
       "      <th>Feature8</th>\n",
       "      <td>0.015231</td>\n",
       "      <td>0.004088</td>\n",
       "      <td>0.044653</td>\n",
       "      <td>-0.003030</td>\n",
       "      <td>0.004305</td>\n",
       "      <td>0.065350</td>\n",
       "      <td>-0.029958</td>\n",
       "      <td>-0.025861</td>\n",
       "      <td>0.072050</td>\n",
       "      <td>0.033533</td>\n",
       "      <td>0.034952</td>\n",
       "      <td>0.030728</td>\n",
       "      <td>0.081110</td>\n",
       "      <td>0.040888</td>\n",
       "      <td>1.000000</td>\n",
       "      <td>-0.013840</td>\n",
       "      <td>0.078497</td>\n",
       "    </tr>\n",
       "    <tr>\n",
       "      <th>Feature9</th>\n",
       "      <td>-0.007628</td>\n",
       "      <td>0.006761</td>\n",
       "      <td>-0.018425</td>\n",
       "      <td>0.005667</td>\n",
       "      <td>0.016083</td>\n",
       "      <td>-0.011780</td>\n",
       "      <td>-0.023257</td>\n",
       "      <td>-0.035818</td>\n",
       "      <td>-0.062417</td>\n",
       "      <td>0.052753</td>\n",
       "      <td>0.041469</td>\n",
       "      <td>0.020536</td>\n",
       "      <td>0.095578</td>\n",
       "      <td>0.022317</td>\n",
       "      <td>-0.013840</td>\n",
       "      <td>1.000000</td>\n",
       "      <td>-0.084004</td>\n",
       "    </tr>\n",
       "    <tr>\n",
       "      <th>Feature10</th>\n",
       "      <td>-0.017287</td>\n",
       "      <td>-0.003104</td>\n",
       "      <td>0.010407</td>\n",
       "      <td>-0.003675</td>\n",
       "      <td>-0.001926</td>\n",
       "      <td>-0.010838</td>\n",
       "      <td>0.015684</td>\n",
       "      <td>0.011899</td>\n",
       "      <td>-0.043491</td>\n",
       "      <td>-0.062844</td>\n",
       "      <td>0.017479</td>\n",
       "      <td>0.000951</td>\n",
       "      <td>-0.006001</td>\n",
       "      <td>0.015879</td>\n",
       "      <td>0.078497</td>\n",
       "      <td>-0.084004</td>\n",
       "      <td>1.000000</td>\n",
       "    </tr>\n",
       "  </tbody>\n",
       "</table>\n",
       "</div>"
      ],
      "text/plain": [
       "            id_date   user_id  id_tracks     plays   holiday  id_artist  \\\n",
       "id_date    1.000000  0.003089  -0.002724  0.008199 -0.005541   0.015670   \n",
       "user_id    0.003089  1.000000  -0.014795  0.011555  0.030982   0.022001   \n",
       "id_tracks -0.002724 -0.014795   1.000000  0.006058  0.007294  -0.008165   \n",
       "plays      0.008199  0.011555   0.006058  1.000000  0.005657  -0.003603   \n",
       "holiday   -0.005541  0.030982   0.007294  0.005657  1.000000   0.003469   \n",
       "id_artist  0.015670  0.022001  -0.008165 -0.003603  0.003469   1.000000   \n",
       "id_genre   0.007709  0.002877   0.017849 -0.004443 -0.007458   0.312000   \n",
       "Feature1  -0.003200 -0.009174  -0.028343  0.008819 -0.016034  -0.019356   \n",
       "Feature2  -0.000717  0.004732   0.005711  0.013403  0.006540  -0.028848   \n",
       "Feature3   0.004023  0.002481   0.023167 -0.002998  0.003531  -0.007228   \n",
       "Feature4  -0.010739  0.026290  -0.013635 -0.000615  0.010443   0.005215   \n",
       "Feature5  -0.001663 -0.009265   0.012029 -0.009854 -0.012436   0.008128   \n",
       "Feature6   0.012991 -0.019317  -0.006971 -0.012776  0.008067   0.042190   \n",
       "Feature7   0.005332 -0.007331   0.012702 -0.009570 -0.008190   0.028921   \n",
       "Feature8   0.015231  0.004088   0.044653 -0.003030  0.004305   0.065350   \n",
       "Feature9  -0.007628  0.006761  -0.018425  0.005667  0.016083  -0.011780   \n",
       "Feature10 -0.017287 -0.003104   0.010407 -0.003675 -0.001926  -0.010838   \n",
       "\n",
       "           id_genre  Feature1  Feature2  Feature3  Feature4  Feature5  \\\n",
       "id_date    0.007709 -0.003200 -0.000717  0.004023 -0.010739 -0.001663   \n",
       "user_id    0.002877 -0.009174  0.004732  0.002481  0.026290 -0.009265   \n",
       "id_tracks  0.017849 -0.028343  0.005711  0.023167 -0.013635  0.012029   \n",
       "plays     -0.004443  0.008819  0.013403 -0.002998 -0.000615 -0.009854   \n",
       "holiday   -0.007458 -0.016034  0.006540  0.003531  0.010443 -0.012436   \n",
       "id_artist  0.312000 -0.019356 -0.028848 -0.007228  0.005215  0.008128   \n",
       "id_genre   1.000000 -0.000245 -0.008741  0.016423 -0.054634 -0.007618   \n",
       "Feature1  -0.000245  1.000000 -0.021633 -0.013588  0.010626 -0.059901   \n",
       "Feature2  -0.008741 -0.021633  1.000000 -0.033846  0.046326  0.026742   \n",
       "Feature3   0.016423 -0.013588 -0.033846  1.000000  0.008911 -0.026061   \n",
       "Feature4  -0.054634  0.010626  0.046326  0.008911  1.000000 -0.078423   \n",
       "Feature5  -0.007618 -0.059901  0.026742 -0.026061 -0.078423  1.000000   \n",
       "Feature6   0.009715  0.022516 -0.005318 -0.013514 -0.085511  0.035598   \n",
       "Feature7   0.009226 -0.019012 -0.019116 -0.043414 -0.036289 -0.078390   \n",
       "Feature8  -0.029958 -0.025861  0.072050  0.033533  0.034952  0.030728   \n",
       "Feature9  -0.023257 -0.035818 -0.062417  0.052753  0.041469  0.020536   \n",
       "Feature10  0.015684  0.011899 -0.043491 -0.062844  0.017479  0.000951   \n",
       "\n",
       "           Feature6  Feature7  Feature8  Feature9  Feature10  \n",
       "id_date    0.012991  0.005332  0.015231 -0.007628  -0.017287  \n",
       "user_id   -0.019317 -0.007331  0.004088  0.006761  -0.003104  \n",
       "id_tracks -0.006971  0.012702  0.044653 -0.018425   0.010407  \n",
       "plays     -0.012776 -0.009570 -0.003030  0.005667  -0.003675  \n",
       "holiday    0.008067 -0.008190  0.004305  0.016083  -0.001926  \n",
       "id_artist  0.042190  0.028921  0.065350 -0.011780  -0.010838  \n",
       "id_genre   0.009715  0.009226 -0.029958 -0.023257   0.015684  \n",
       "Feature1   0.022516 -0.019012 -0.025861 -0.035818   0.011899  \n",
       "Feature2  -0.005318 -0.019116  0.072050 -0.062417  -0.043491  \n",
       "Feature3  -0.013514 -0.043414  0.033533  0.052753  -0.062844  \n",
       "Feature4  -0.085511 -0.036289  0.034952  0.041469   0.017479  \n",
       "Feature5   0.035598 -0.078390  0.030728  0.020536   0.000951  \n",
       "Feature6   1.000000 -0.066068  0.081110  0.095578  -0.006001  \n",
       "Feature7  -0.066068  1.000000  0.040888  0.022317   0.015879  \n",
       "Feature8   0.081110  0.040888  1.000000 -0.013840   0.078497  \n",
       "Feature9   0.095578  0.022317 -0.013840  1.000000  -0.084004  \n",
       "Feature10 -0.006001  0.015879  0.078497 -0.084004   1.000000  "
      ]
     },
     "execution_count": 34,
     "metadata": {},
     "output_type": "execute_result"
    }
   ],
   "source": [
    "df_rec.corr()"
   ]
  },
  {
   "cell_type": "markdown",
   "metadata": {},
   "source": [
    "Neste primeiro momento não encontramos uma correlação que viabilizasse a relação entre duas features, então neste momento inicial seguiremos desta forma."
   ]
  },
  {
   "cell_type": "markdown",
   "metadata": {},
   "source": [
    "### Quantidade de vezes ouvidas \"outlier\""
   ]
  },
  {
   "cell_type": "code",
   "execution_count": 35,
   "metadata": {},
   "outputs": [
    {
     "name": "stderr",
     "output_type": "stream",
     "text": [
      "C:\\Users\\maria\\AppData\\Local\\Temp\\ipykernel_22644\\4164826241.py:1: FutureWarning: Series.__getitem__ treating keys as positions is deprecated. In a future version, integer keys will always be treated as labels (consistent with DataFrame behavior). To access a value by position, use `ser.iloc[pos]`\n",
      "  df_rec['acima_media_track'] = np.where(df_rec.plays > df_rec.groupby('id_tracks')[['plays']].mean().mean()[0], 1,0)\n"
     ]
    }
   ],
   "source": [
    "df_rec['acima_media_track'] = np.where(df_rec.plays > df_rec.groupby('id_tracks')[['plays']].mean().mean()[0], 1,0)"
   ]
  },
  {
   "cell_type": "code",
   "execution_count": 36,
   "metadata": {},
   "outputs": [
    {
     "name": "stderr",
     "output_type": "stream",
     "text": [
      "C:\\Users\\maria\\AppData\\Local\\Temp\\ipykernel_22644\\2040330729.py:1: FutureWarning: Series.__getitem__ treating keys as positions is deprecated. In a future version, integer keys will always be treated as labels (consistent with DataFrame behavior). To access a value by position, use `ser.iloc[pos]`\n",
      "  df_rec['abaixo_media_track'] = np.where(df_rec.plays < df_rec.groupby('id_tracks')[['plays']].mean().mean()[0], 1,0)\n"
     ]
    }
   ],
   "source": [
    "df_rec['abaixo_media_track'] = np.where(df_rec.plays < df_rec.groupby('id_tracks')[['plays']].mean().mean()[0], 1,0)"
   ]
  },
  {
   "cell_type": "markdown",
   "metadata": {},
   "source": [
    "### Artistas premium por genero (dos artistas tem mais vezes ouvidas)"
   ]
  },
  {
   "cell_type": "code",
   "execution_count": 37,
   "metadata": {},
   "outputs": [
    {
     "name": "stderr",
     "output_type": "stream",
     "text": [
      "C:\\Users\\maria\\AppData\\Local\\Temp\\ipykernel_22644\\3668600133.py:1: FutureWarning: Series.__getitem__ treating keys as positions is deprecated. In a future version, integer keys will always be treated as labels (consistent with DataFrame behavior). To access a value by position, use `ser.iloc[pos]`\n",
      "  df_rec['acima_media_artist'] = np.where(df_rec.plays > df_rec.groupby('id_artist')[['plays']].mean().mean()[0], 1,0)\n"
     ]
    }
   ],
   "source": [
    "df_rec['acima_media_artist'] = np.where(df_rec.plays > df_rec.groupby('id_artist')[['plays']].mean().mean()[0], 1,0)"
   ]
  },
  {
   "cell_type": "code",
   "execution_count": 38,
   "metadata": {},
   "outputs": [
    {
     "name": "stderr",
     "output_type": "stream",
     "text": [
      "C:\\Users\\maria\\AppData\\Local\\Temp\\ipykernel_22644\\3315927908.py:1: FutureWarning: Series.__getitem__ treating keys as positions is deprecated. In a future version, integer keys will always be treated as labels (consistent with DataFrame behavior). To access a value by position, use `ser.iloc[pos]`\n",
      "  df_rec['abaixo_media_artist'] = np.where(df_rec.plays < df_rec.groupby('id_artist')[['plays']].mean().mean()[0], 1,0)\n"
     ]
    }
   ],
   "source": [
    "df_rec['abaixo_media_artist'] = np.where(df_rec.plays < df_rec.groupby('id_artist')[['plays']].mean().mean()[0], 1,0)"
   ]
  },
  {
   "cell_type": "markdown",
   "metadata": {},
   "source": [
    "## Juntando base final"
   ]
  },
  {
   "cell_type": "code",
   "execution_count": 39,
   "metadata": {},
   "outputs": [],
   "source": [
    "df_rec.to_parquet(r'data/processed_recommendation_data.parquet')"
   ]
  },
  {
   "cell_type": "markdown",
   "metadata": {},
   "source": [
    "### Conclusões"
   ]
  },
  {
   "cell_type": "markdown",
   "metadata": {},
   "source": [
    "As correlações entre as variaveis não mostraram muitos insights, criamos novas variáveis a partir da \"Importancia\" do artista e da musica.\n",
    "Além disso, para cada variável estipulamos uma forma de tratamento dos nulos"
   ]
  },
  {
   "cell_type": "markdown",
   "metadata": {},
   "source": []
  }
 ],
 "metadata": {
  "kernelspec": {
   "display_name": "music_rec",
   "language": "python",
   "name": "python3"
  },
  "language_info": {
   "codemirror_mode": {
    "name": "ipython",
    "version": 3
   },
   "file_extension": ".py",
   "mimetype": "text/x-python",
   "name": "python",
   "nbconvert_exporter": "python",
   "pygments_lexer": "ipython3",
   "version": "3.10.13"
  }
 },
 "nbformat": 4,
 "nbformat_minor": 2
}
